1756600583477 0.046257735051866415 0
1756600583997 0.058685464118810635 1
1756600584527 0.06516237478969295 2
1756600585057 0.0740630019352212 3
1756600585585 0.07837797423683597 4
1756600586118 0.09349332801513739 5
1756600586638 0.10161986724884711 6
1756600587169 0.10652571400738917 7
1756600587702 0.11080885270361769 8
1756600588237 0.11866273779838529 9
1756600588770 0.12633520553463667 10
1756600589300 0.13809475277440914 11
1756600589842 0.14288505303583063 12
1756600590379 0.15605177352142333 13
1756600590894 0.16457232298763208 14
1756600591430 0.16618090490530515 15
1756600592022 0.17819615988827517 16
1756600592561 0.18701705443041503 17
1756600593095 0.19600185289992245 18
1756600593609 0.19837562268963305 19
1756600583477 0.046257735051866415 0
