1756600583472 1.1921388340337171 0
1756600583987 1.1731058460370136 1
1756600584512 1.1973829212568132 2
1756600585044 1.1691812723334025 3
1756600585572 1.1859996302247873 4
1756600586104 1.160470251875998 5
1756600586632 1.1760553638501714 6
1756600587152 1.1778626424244465 7
1756600587685 1.1971375314943289 8
1756600588224 1.1872903694341932 9
1756600588752 1.1888517972840216 10
1756600589285 1.1575369220815894 11
1756600589819 1.1621849790191143 12
1756600590361 1.1655321576817788 13
1756600590889 1.1950620782749173 14
1756600591410 1.1914602740455236 15
1756600591976 1.1639967898873513 16
1756600592543 1.156916318132444 17
1756600593078 1.1708611270429317 18
1756600593606 1.1603706625175625 19
1756600583472 1.1921388340337171 0
