1756600485452 0.05256236794320608 0
1756600485972 0.061560270849956474 1
1756600486486 0.0671416821669713 2
1756600487000 0.07687965932742502 3
1756600487531 0.08292255942018727 4
1756600488072 0.09058271317436412 5
1756600488606 0.09907835805962813 6
1756600489132 0.10181043571541677 7
1756600489653 0.10917366408551117 8
1756600490187 0.1191119934729275 9
1756600490712 0.12401332348375507 10
1756600491225 0.13364694811793632 11
1756600491753 0.1467714158827015 12
1756600492285 0.15143040314969497 13
1756600492819 0.1562199966938316 14
1756600493351 0.16766539506962838 15
1756600493871 0.18024148513689925 16
1756600494406 0.18274541326153984 17
1756600494944 0.18836749142797882 18
1756600495481 0.2 19
1756600485452 0.05256236794320608 0
