1756600485447 0.953791662273766 0
1756600485962 0.9501868892884432 1
1756600486482 0.9603004327952676 2
1756600486995 0.9413576136847532 3
1756600487513 0.9519483526224045 4
1756600488054 0.9606319960811364 5
1756600488591 0.9604123069475137 6
1756600489120 0.9231046795274956 7
1756600489645 0.9221759879823763 8
1756600490168 0.9360935031400395 9
1756600490705 0.927710189583575 10
1756600491219 0.9157926084815198 11
1756600491739 0.9098703017376525 12
1756600492270 0.938561133751563 13
1756600492802 0.9077890447175497 14
1756600493335 0.9151128517965602 15
1756600493862 0.9107779051896149 16
1756600494387 0.9254920599381476 17
1756600494924 0.9269265968051954 18
1756600495461 0.9300035999330687 19
1756600485447 0.953791662273766 0
