1756667525923 0.0759867636472198 0
1756667531451 0.1118075436423994 1
1756667536987 0.09318074116747682 2
1756667542519 0.09005156805579465 3
1756667548049 0.1469719327087659 4
1756667553574 0.17325669594426107 5
1756667559104 0.21002500098326948 6
1756667564621 0.21219714130323353 7
1756667570145 0.24349958602116892 8
1756667575675 0.2086500121918823 9
1756667581201 0.2307817366709395 10
1756667586722 0.26893609757069864 11
1756667592251 0.2609696500413564 12
1756667597785 0.27044924758538813 13
1756667603316 0.34801712373912286 14
1756667608837 0.3327959703675581 15
1756667614353 0.32883945335143333 16
1756667619879 0.4 17
1756667625401 0.3628346880655762 18
1756667630926 0.4 19
1756667525923 0.0759867636472198 0
