1756667525920 1.0318733824853745 0
1756667531438 1.020222885163966 1
1756667536975 1.077893603931651 2
1756667542507 1.022721019403597 3
1756667548038 1.0318115734109854 4
1756667553566 1.0485898841022097 5
1756667559092 1.0327460495463276 6
1756667564618 0.9989553745381273 7
1756667570134 1.04424002521526 8
1756667575663 1.039377489568237 9
1756667581191 0.9816756665280939 10
1756667586719 0.9751041946891217 11
1756667592238 1.0611755777321161 12
1756667597771 1.0539531446470356 13
1756667603304 0.9995339884222046 14
1756667608834 1.0468829544595253 15
1756667614349 1.0297638144978194 16
1756667619867 1.0126558760773117 17
1756667625397 1.040096434989423 18
1756667630916 1.0413433755344912 19
1756667525920 1.0318733824853745 0
