1756600563687 0.04992135248421282 0
1756600564214 0.05590060744607029 1
1756600564733 0.06685948440806869 2
1756600565260 0.07776866700399837 3
1756600565790 0.07959771818042469 4
1756600566328 0.093677918599088 5
1756600566859 0.10105464834669708 6
1756600567397 0.10732780790683022 7
1756600567929 0.11136029329626504 8
1756600568464 0.12259005576305222 9
1756600568999 0.13258429287719953 10
1756600569525 0.13917474174473082 11
1756600570051 0.14381794852883933 12
1756600570583 0.14931410455473101 13
1756600571120 0.16496082158771436 14
1756600571656 0.17117094443662093 15
1756600572190 0.17663189015756808 16
1756600572723 0.1847088816083444 17
1756600573258 0.19486744985000243 18
1756600573794 0.2 19
1756600563687 0.04992135248421282 0
