1756600563683 1.1994461489348636 0
1756600564197 1.2008623392345215 1
1756600564725 1.2098021409321271 2
1756600565246 1.2142536096591325 3
1756600565776 1.231354757727736 4
1756600566307 1.1986162260848494 5
1756600566845 1.2249515442503551 6
1756600567380 1.2239820363489242 7
1756600567913 1.1982550096330638 8
1756600568447 1.2056485838595088 9
1756600568982 1.2098311831636672 10
1756600569514 1.1771124644565671 11
1756600570042 1.2127996739902869 12
1756600570566 1.216175289525563 13
1756600571100 1.2047238373695413 14
1756600571640 1.2010385323918715 15
1756600572174 1.214628681927156 16
1756600572711 1.2093737309643549 17
1756600573241 1.1675417021874392 18
1756600573777 1.186959372458864 19
1756600563683 1.1994461489348636 0
