1756602010858 0.05912154183369917 0
1756602016389 0.0566308212384071 1
1756602021925 0.1313857548128396 2
1756602027460 0.13194669920115737 3
1756602032998 0.10598274025300469 4
1756602038534 0.1717781279701536 5
1756602044072 0.1731542004076589 6
1756602049593 0.2063343639314608 7
1756602055113 0.24440647554502481 8
1756602060636 0.24365739816183826 9
1756602066180 0.2238520941764746 10
1756602071728 0.2993956825673714 11
1756602077276 0.27722355391865156 12
1756602082814 0.308236788572088 13
1756602088336 0.3410541102434125 14
1756602093867 0.34716175288108575 15
1756602099403 0.3883263078106822 16
1756602104941 0.35050810509650465 17
1756602110483 0.3829934682615914 18
1756602116024 0.3849462065009279 19
1756602010858 0.05912154183369917 0
