1756602010853 1.2097076522319494 0
1756602016374 1.2681104835051689 1
1756602021908 1.2720284003026974 2
1756602027446 1.1391583174316757 3
1756602032981 1.200160904468687 4
1756602038523 1.1612306530585694 5
1756602044055 1.1200468988923082 6
1756602049586 1.1612075702010363 7
1756602055106 1.0936387759846298 8
1756602060630 1.1040976977086723 9
1756602066159 1.0956124676843724 10
1756602071708 1.1008657528833443 11
1756602077258 1.0366499473886306 12
1756602082796 1.0963238301115241 13
1756602088330 1.0588697447002307 14
1756602093856 1.0902183976994329 15
1756602099389 1.0346907419003777 16
1756602104923 1.0921258105043858 17
1756602110467 1.0633575063948044 18
1756602116007 1.0772987947578978 19
1756602010853 1.2097076522319494 0
