1756600133116 0.05 0
1756600133675 0.05789473684210527 1
1756600134218 0.06578947368421054 2
1756600134737 0.0736842105263158 3
1756600135264 0.08157894736842106 4
1756600135795 0.08947368421052633 5
1756600136332 0.09736842105263159 6
1756600136866 0.10526315789473686 7
1756600137391 0.11315789473684212 8
1756600137925 0.12105263157894738 9
1756600138462 0.12894736842105264 10
1756600139003 0.13684210526315793 11
1756600139536 0.14473684210526316 12
1756600140062 0.15263157894736845 13
1756600140598 0.1605263157894737 14
1756600141133 0.16842105263157897 15
1756600141666 0.17631578947368426 16
1756600142198 0.1842105263157895 17
1756600142731 0.19210526315789478 18
1756600143254 0.2 19
1756600133116 0.05 0
