1756600133103 1.0064390897750854 0
1756600133636 1.0028948783874512 1
1756600134203 0.9995068311691284 2
1756600134725 0.9962646961212158 3
1756600135253 0.9931584000587463 4
1756600135779 0.9901791214942932 5
1756600136315 0.9873182773590088 6
1756600136849 0.9845722913742065 7
1756600137384 0.9819467067718506 8
1756600137908 0.9794169068336487 9
1756600138445 0.9769769906997681 10
1756600138981 0.9746212959289551 11
1756600139519 0.9723443388938904 12
1756600140049 0.9701416492462158 13
1756600140581 0.9680086374282837 14
1756600141116 0.9659411907196045 15
1756600141652 0.963935136795044 16
1756600142182 0.9619900584220886 17
1756600142718 0.9601325988769531 18
1756600143245 0.9583490490913391 19
1756600133103 1.0064390897750854 0
