1756602277290 0.07641549023000006 0
1756602282820 0.05248351025136458 1
1756602288344 0.10518473349535795 2
1756602293878 0.09011433009433584 3
1756602299419 0.12280289874035734 4
1756602304959 0.1475975229120126 5
1756602310496 0.16999244987399212 6
1756602316034 0.18589149179331144 7
1756602321571 0.18340061792184362 8
1756602327106 0.2308687573197659 9
1756602332638 0.25566593544390676 10
1756602338175 0.2687254038252337 11
1756602343714 0.2554694121727575 12
1756602349258 0.31563144366053214 13
1756602354791 0.3399422033428295 14
1756602360348 0.3129471873771286 15
1756602365904 0.3294962340846119 16
1756602371453 0.4 17
1756602376985 0.364081061250473 18
1756602382511 0.4 19
1756602277290 0.07641549023000006 0
