1756602277286 1.0513163673262051 0
1756602282807 1.045447166878738 1
1756602288335 1.0933767806631882 2
1756602293862 1.104607933416273 3
1756602299404 1.0629152642919002 4
1756602304942 1.0488879140547982 5
1756602310482 1.139739607694519 6
1756602316017 1.1247049687060464 7
1756602321554 1.037058787971888 8
1756602327091 1.050258458716177 9
1756602332623 1.0805981220931609 10
1756602338159 1.074969872967601 11
1756602343698 1.1098592512777368 12
1756602349237 1.0505944477124616 13
1756602354780 1.1245749706555142 14
1756602360316 1.0882309068478637 15
1756602365880 1.0426937289015452 16
1756602371437 1.0284988590056863 17
1756602376971 1.0557525390019789 18
1756602382504 1.1146436531011772 19
1756602277286 1.0513163673262051 0
