1756600466395 0.046888563225032286 0
1756600466918 0.06144434508479612 1
1756600467446 0.0627394980171637 2
1756600467973 0.06985672587309248 3
1756600468490 0.08025310904487773 4
1756600469004 0.08795947857031637 5
1756600469535 0.09989708761404462 6
1756600470053 0.10026438819108734 7
1756600470583 0.11035548947371418 8
1756600471116 0.11647864997067567 9
1756600471639 0.12517544767128444 10
1756600472156 0.1371683654068883 11
1756600472682 0.1402779879315243 12
1756600473194 0.1559322317710486 13
1756600473708 0.16338686039622935 14
1756600474239 0.17298565467992777 15
1756600474770 0.18058523830915182 16
1756600475285 0.1850868772323317 17
1756600475796 0.19303726979940108 18
1756600476326 0.19537707381528735 19
1756600466395 0.046888563225032286 0
