1756600466390 1.2390611800981115 0
1756600466906 1.2095501935185597 1
1756600467433 1.1473191474102098 2
1756600467961 1.1582277825780507 3
1756600468485 1.112415997302878 4
1756600469000 1.0972390012445012 5
1756600469519 1.1001110135872358 6
1756600470049 1.063072358375586 7
1756600470566 1.0374212823257891 8
1756600471100 1.0188756193611084 9
1756600471631 0.9979301360103143 10
1756600472151 1.0033473680411569 11
1756600472666 0.9816830803413098 12
1756600473190 0.9902818462441462 13
1756600473700 0.9811318961507299 14
1756600474223 0.9360041217429271 15
1756600474755 0.9548697211220075 16
1756600475280 0.9353294710222317 17
1756600475791 0.921700834983165 18
1756600476309 0.9050690048285094 19
1756600466390 1.2390611800981115 0
