1756602866561 0.08702746585393692 0
1756602872082 0.08387364891425789 1
1756602877618 0.1017815532841971 2
1756602883153 0.10370404645670347 3
1756602888691 0.1538986687720131 4
1756602894225 0.14999931343930545 5
1756602899787 0.1510080429042992 6
1756602905348 0.1731101602336834 7
1756602910873 0.18439970457301771 8
1756602916407 0.2513757771108978 9
1756602921927 0.25332133404342144 10
1756602927458 0.2842301093630637 11
1756602932993 0.29613608901235766 12
1756602938534 0.2861772131960342 13
1756602944071 0.34946384640968553 14
1756602949610 0.3407485414531496 15
1756602955143 0.35326406607065214 16
1756602960676 0.3575001797121665 17
1756602966198 0.4 18
1756602971734 0.4 19
1756602866561 0.08702746585393692 0
