1756602866556 1.0471200198403507 0
1756602872074 1.0051728793292058 1
1756602877604 1.0507142816947488 2
1756602883141 1.0472703849104634 3
1756602888674 1.0415681887038344 4
1756602894209 1.081704749544203 5
1756602899754 1.0767736955966434 6
1756602905327 1.0592704473679546 7
1756602910869 1.0047160701890923 8
1756602916390 1.0263415568456649 9
1756602921923 0.9873623865584809 10
1756602927443 1.0328743425090219 11
1756602932979 0.972224955867328 12
1756602938517 1.002371114600263 13
1756602944056 0.9821193078642967 14
1756602949593 1.0671232452944799 15
1756602955130 1.0276277533633047 16
1756602960664 0.9874728114241101 17
1756602966194 1.0239721341860817 18
1756602971716 1.0151681000752704 19
1756602866556 1.0471200198403507 0
