1756601646336 0.073368223045972 0
1756601651872 0.07615929489510523 1
1756601657411 0.11300903237605647 2
1756601662958 0.12994026057214356 3
1756601668513 0.17038093643922203 4
1756601674115 0.12344611401822705 5
1756601679688 0.208548834307581 6
1756601685229 0.20875423968567755 7
1756601690755 0.23180636412835315 8
1756601696277 0.2512831104004824 9
1756601701814 0.22771932515652027 10
1756601707348 0.24814861759249204 11
1756601712874 0.27267355521000225 12
1756601718409 0.27664827671411046 13
1756601723948 0.3199487074275683 14
1756601729474 0.3594733285355929 15
1756601735021 0.3358300379877133 16
1756601740543 0.39652013992554486 17
1756601746082 0.4 18
1756601751626 0.4 19
1756601646336 0.073368223045972 0
