1756601646331 1.0625758851306335 0
1756601651855 0.9628822076584851 1
1756601657396 0.99944522381022 2
1756601662932 0.9801601401270608 3
1756601668489 0.9940389826806164 4
1756601674073 0.9227699037833192 5
1756601679659 0.9884257991361093 6
1756601685223 0.9763693741334263 7
1756601690746 0.8979875264558507 8
1756601696270 0.9610504907846439 9
1756601701797 0.9162092170357274 10
1756601707334 0.9107267824384183 11
1756601712865 0.9306257392451381 12
1756601718393 0.8954429419900635 13
1756601723930 0.9061519103395423 14
1756601729466 0.8991271763823462 15
1756601734995 0.8351997667400429 16
1756601740538 0.9111877407790003 17
1756601746061 0.912957928863262 18
1756601751610 0.8249909631996407 19
1756601646331 1.0625758851306335 0
