1756600833551 0.04588507488109568 0
1756600834091 0.061764536036843024 1
1756600834645 0.06940862950888757 2
1756600835200 0.07503140309982996 3
1756600835763 0.0860977358709519 4
1756600836304 0.0902056668095601 5
1756600836833 0.09632476476158408 6
1756600837390 0.10985024736533898 7
1756600837916 0.10900816056798747 8
1756600838474 0.122737496766488 9
1756600839036 0.1253005441865837 10
1756600839598 0.13823626572929798 11
1756600840161 0.1482295550303882 12
1756600840693 0.14976597102377606 13
1756600841255 0.1567713944493177 14
1756600841805 0.1717174855878027 15
1756600842350 0.18044485654400372 16
1756600842890 0.18177526124904916 17
1756600843452 0.18806711477411944 18
1756600843985 0.1965277348729829 19
1756600833551 0.04588507488109568 0
