1756600833544 0.9663383991430442 0
1756600834069 0.9459866993949657 1
1756600834622 0.9678982212396358 2
1756600835170 0.9548314378743525 3
1756600835745 0.9329489258887486 4
1756600836286 0.9487194650182369 5
1756600836819 0.9551132739567676 6
1756600837357 0.963963251070015 7
1756600837907 0.9551632194734788 8
1756600838439 0.9599664757933598 9
1756600839012 0.9375127820546959 10
1756600839563 0.949633677529966 11
1756600840132 0.9374257182349116 12
1756600840684 0.9604174877679132 13
1756600841222 0.9403188894537524 14
1756600841787 0.9505024072163111 15
1756600842332 0.9534877011577579 16
1756600842868 0.9399262606271187 17
1756600843417 0.9317590683203 18
1756600843978 0.9454160260687692 19
1756600833544 0.9663383991430442 0
