1756600446675 0.0539290012764163 0
1756600447197 0.053286002512925444 1
1756600447729 0.06362417883071253 2
1756600448259 0.07208440979161129 3
1756600448789 0.08323900373537525 4
1756600449322 0.08783337828821383 5
1756600449854 0.09435704899718066 6
1756600450386 0.10784388518518317 7
1756600450919 0.11346998301518849 8
1756600451452 0.12417351681086858 9
1756600451987 0.12988581387733864 10
1756600452520 0.13628250769825614 11
1756600453061 0.14654442345233748 12
1756600453578 0.15680629237159893 13
1756600454107 0.16407376675342825 14
1756600454642 0.17101990362577854 15
1756600455177 0.17198798364800486 16
1756600455690 0.18253606442953377 17
1756600456223 0.1938366786366229 18
1756600456759 0.19530554764894315 19
1756600446675 0.0539290012764163 0
