1756600446671 1.0607839513056567 0
1756600447186 1.048721397583343 1
1756600447716 1.0446858145550924 2
1756600448246 1.042816163693161 3
1756600448775 1.0337765809053732 4
1756600449308 1.022310367693359 5
1756600449839 1.0261832919936087 6
1756600450372 1.0314548971086337 7
1756600450903 1.0201773759360115 8
1756600451437 1.0292302751070777 9
1756600451972 1.0181177334998741 10
1756600452504 1.0128414657832654 11
1756600453046 1.0164277744678634 12
1756600453574 0.981872136202823 13
1756600454090 0.9918486574511337 14
1756600454626 0.9778357362742346 15
1756600455160 0.9711230210425565 16
1756600455687 0.9798341018319641 17
1756600456203 0.977400134363256 18
1756600456743 0.9851308610598268 19
1756600446671 1.0607839513056567 0
