1756601355274 0.04920690477644681 0
1756601360813 0.06124856247134062 1
1756601366361 0.08799889810157956 2
1756601371916 0.11181621466721421 3
1756601377483 0.15091177265035066 4
1756601383042 0.189112801633636 5
1756601388590 0.14812147118205293 6
1756601394125 0.22188607512331382 7
1756601399643 0.1882919216163016 8
1756601405181 0.2620942872462343 9
1756601410729 0.2546904889940874 10
1756601416263 0.25158197182252184 11
1756601421795 0.25516750839353863 12
1756601427339 0.3010593855966165 13
1756601432876 0.3466140096390086 14
1756601438413 0.3709357428440789 15
1756601443948 0.3942817157105064 16
1756601449474 0.4 17
1756601455015 0.4 18
1756601460536 0.4 19
1756601355274 0.04920690477644681 0
