1756601355269 1.1299917388769878 0
1756601360793 1.1613699407980411 1
1756601366339 1.0804365711294717 2
1756601371894 1.0392691888057397 3
1756601377457 1.0805974540340713 4
1756601383013 1.0432700700631472 5
1756601388573 1.0062119056141223 6
1756601394112 1.0273035460305708 7
1756601399639 0.9754602139348407 8
1756601405164 0.9513743779060716 9
1756601410703 0.9530258685833359 10
1756601416254 0.9153739162440873 11
1756601421780 0.9741343835179811 12
1756601427320 0.8771493928505861 13
1756601432860 0.8947802201704278 14
1756601438398 0.9027149100541981 15
1756601443932 0.8979261472730337 16
1756601449465 0.8436017175697604 17
1756601454998 0.8324653458346051 18
1756601460531 0.8211440657802883 19
1756601355269 1.1299917388769878 0
